Webots Project File version R2025a
perspectives: 000000ff00000000fd00000002000000010000011c0000025cfc0200000001fb0000001400540065007800740045006400690074006f007201000000150000025c0000003f00ffffff000000030000055600000039fc0100000001fb0000001a0043006f006e0073006f006c00650041006c006c0041006c006c0100000000000005560000006900ffffff000004380000025c00000001000000020000000100000008fc00000000
simulationViewPerspectives: 000000ff000000010000000200000100000003380100000002010000000101
sceneTreePerspectives: 000000ff00000001000000030000001e000001fe000000000100000002010000000201
maximizedDockId: -1
centralWidgetVisible: 1
orthographicViewHeight: 1
textFiles: -1
consoles: Console:All:All
renderingDevicePerspectives: youBot:kinect color;1;0.978125;0;0
renderingDevicePerspectives: youBot:kinect range;1;0.978125;0;0
